<<<<<<< HEAD
19
14
 2
 2
 1
17
15
10
 4
17
 9
18
 0
 9
14
 1
10
17
 9
 6
 1
19
16
 1
19
13
 6
 2
 9
17
15
 0
 5
 6
 1
 4
16
 7
17
13
 6
16
19
10
16
 9
 6
 0
 0
10
 6
14
 6
 6
 4
13
14
13
 1
14
 5
11
10
14
18
19
 2
 1
11
16
12
 5
13
 9
 0
 5
 5
 0
19
 2
17
 1
 1
 2
17
 1
10
 1
 0
 5
18
16
 6
 7
13
 3
 6
12
13
16
15
16
 8
14
 6
 4
 1
 6
16
19
 6
10
16
 1
 2
17
 3
19
 8
 4
15
15
 1
 9
18
 8
 6
 8
17
17
10
 0
 2
10
14
 9
 2
 2
19
 0
13
10
 7
13
15
 3
 3
 2
15
13
11
 3
 8
 2
15
 3
19
17
 8
 1
17
 8
10
11
18
 2
 8
12
 3
18
19
13
12
 0
 5
 7
 1
 7
10
 1
12
11
19
15
 6
 0
 3
11
19
 8
 5
17
 5
11
10
 2
14
10
12
 5
 7
19
18
 7
 6
14
 2
 4
 3
17
11
16
 3
11
 9
12
10
 2
11
12
15
10
18
18
 3
19
 3
15
13
19
 0
15
 4
19
19
19
 6
 9
 7
16
14
13
14
15
 7
15
19
10
19
13
19
16
 1
10
 5
 0
11
 5
 2
15
14
11
 6
15
 9
13
 6
 2
 4
16
 5
 6
10
15
 3
10
 9
 2
19
18
 9
10
11
 9
 3
15
 2
 8
15
 8
16
12
 5
18
 0
15
19
17
 5
 5
14
19
17
 1
13
 3
 7
17
18
 1
 7
19
17
 8
11
17
 7
 6
 3
 2
19
 5
 5
 5
 4
 3
 9
10
 9
 4
 1
11
18
16
 5
 9
 5
 6
 0
12
 2
15
10
 8
12
 7
11
 5
 1
 3
15
 3
13
17
15
15
15
 9
15
 6
 0
11
15
 0
 6
14
 8
 6
14
13
 6
17
 6
10
 0
12
18
19
16
13
 0
 7
 6
16
14
 1
 3
13
17
12
10
11
 4
14
18
 9
 6
14
19
 6
13
 7
15
18
10
19
11
13
 7
 2
18
 8
 5
 7
12
 4
 3
11
14
 3
12
19
 3
11
14
14
 9
17
16
18
13
 4
17
17
19
 5
10
 6
 4
 3
10
19
13
 7
11
 0
 4
 7
14
 6
 7
13
18
11
15
19
11
 5
 9
16
15
18
 0
 1
19
16
18
 6
 4
17
 1
11
 3
10
18
18
13
17
 3
 4
 1
 5
14
 4
10
 7
 5
14
 8
10
19
 1
 5
16
13
 8
 2
19
18
 9
=======
         0
         0
         3
        15
        11
        19
        19
        19
        19
         3
         3
         5
         3
         5
         3
         5
         3
         5
         3
         5
>>>>>>> 3890ecacbd3895e855518aed1f309d649c51112b
