         0
         4
        17
        19
         4
        12
        12
        16
         4
        11
         6
         7
        15
         4
        17
         8
         3
        12
        10
         8
         4
        15
         5
        19
         5
         3
        15
         1
        14
        11
        13
        15
        19
         8
        17
         0
        17
         4
         2
        18
        17
         1
         6
         3
        15
        17
         9
        16
         5
         2
         8
        11
        13
        18
        15
        12
         7
        10
        13
        19
        16
        18
         8
        10
         9
        16
        16
        15
        19
        10
         5
        15
         0
         9
         7
        12
         5
         3
         5
        15
        12
         0
         1
        10
         8
        19
         9
         5
         9
         3
         6
        11
        10
         4
        11
         9
         8
        12
         0
         8
        12
         9
         7
         1
        18
         0
         2
         0
        16
         4
        15
         6
        19
         9
         4
        10
         2
        19
        14
         0
        13
        15
        14
        15
         6
        15
        19
        10
        10
         2
        17
         8
        17
         5
        19
         3
        17
        11
        16
         8
         5
         1
         1
         6
         2
         7
         9
        12
         6
         4
         1
         0
         8
        10
         3
         5
        16
         7
         3
        14
        17
        17
        16
         8
        13
        10
         7
        16
        12
        19
         7
         2
         9
         0
        11
         1
        14
        14
        14
        18
         0
        11
        10
         6
        19
        11
        12
         1
        14
         2
        11
        10
        13
        19
         3
         6
         3
        10
        12
         9
         3
        15
        18
        13
        19
         2
         3
         3
        14
        10
        15
        10
         3
         2
         3
        11
         9
        16
         6
         8
        18
         9
         2
        10
         0
         6
         8
         9
         7
        19
        15
        17
         7
        10
        13
         2
        12
        16
        15
        19
        13
        19
        11
        16
         5
        11
         8
        16
        13
         3
        11
         3
        17
         1
         7
        14
        17
         7
         2
        17
        15
         5
         0
        10
        10
         1
        12
        14
        16
         2
         0
        10
        19
        13
         1
        14
         3
        10
        16
        17
        19
        15
        13
        17
        12
        14
        14
         2
         6
        13
         9
         6
        15
         7
        13
        12
        18
        18
         5
        10
        10
        16
        10
         6
        11
        17
        16
        10
         5
        10
        14
        11
         7
        12
         1
        16
         4
        10
         7
        12
         4
         5
        14
        12
        16
        16
         2
        10
         3
        17
        18
         6
         8
         9
        16
         9
        15
        13
        13
        17
         7
         0
        11
        15
        16
        17
         5
        14
         9
        11
         4
         4
         9
         5
        12
         4
         1
        15
        19
         0
        16
         0
        14
        15
        15
         8
        18
         7
         9
         1
         2
         4
        13
         2
        10
         4
         7
        15
         7
        11
         8
        12
        11
         9
        17
        16
         1
         0
        13
         1
        12
         9
        11
         9
         3
        11
         0
        16
        15
         3
        10
        17
         4
        12
        16
        18
        15
         5
         3
         4
         5
         5
         3
        19
         7
         6
        15
         8
        11
        16
         0
         5
        15
        16
        10
         8
        18
         4
        15
         1
        14
         5
        19
        10
        13
         8
         3
        11
        19
         2
         5
         8
         9
        18
         6
        11
         5
        13
        14
         6
        18
        12
        16
         7
        14
        11
         2
         5
        15
        11
         0
         8
        15
         9
         9
         1
        19
        16
         9
         4
         7
        12
        12
        18
         5
         2
         4
        12
        18
        15
         4
        14
        10
        16
         4
         7
         8
         7
         4
        10
         6
        11
        17
        19
         5
         2
         7
         6
        16
         5
         3
        16
         6
        19
        12
        11
        16
        14
        13
        19
         2
        19
         6
        17
         8
         5
        15
        16
        12
         0
        11
        16
        12
         1
        11
         1
        14
        19
        10
         6
        19
        17
         8
        11
        16
        16
        15
         3
        19
         6
        17
         7
        15
        15
         4
        11
        19
         2
         1
        19
         1
         5
        15
        18
        12
        12
        15
         2
         6
        10
        13
         6
         6
        10
         5
        15
        18
         1
         1
        19
         7
         4
        18
        18
        12
        18
         9
        16
        18
        12
         8
         0
        15
         6
         3
        15
         6
        13
         1
         8
         3
        13
         1
         1
         4
         5
         4
        19
        11
        12
        18
        14
        10
         9
         8
         3
         8
        19
        14
        10
         1
         7
        11
         1
        14
        14
        16
         9
        13
        12
        13
         0
        19
        14
        16
        11
         6
        16
        15
         8
         8
         8
         1
         9
         4
        10
        12
         7
         5
         5
        13
        14
         2
        10
        12
         6
         1
         3
         6
         3
         2
         8
         7
        15
        19
        19
        18
         0
         9
         8
         3
         0
        14
         5
        19
        11
        15
        13
         1
        13
        17
         3
        19
        18
        14
         1
         9
         8
        15
         1
         9
        14
         5
        10
         6
        18
        17
         1
        12
         0
         8
         1
        17
         4
        15
        14
        18
         2
         5
        10
         0
         8
        17
         8
         1
         7
        13
        12
         0
         9
        17
         7
         5
        19
        14
         6
        17
        13
         1
         3
         1
         4
        16
        18
        12
         3
         9
         8
         0
        15
         0
        11
        12
        18
         1
         9
        19
        14
         2
        10
        14
        12
         6
        16
         0
        19
         8
        13
         5
         8
         5
        14
         1
         2
        14
         3
         0
        11
         8
        13
        17
         7
        17
         1
        10
         7
         7
         9
        10
        12
        17
        19
         1
        16
        14
         3
        11
        14
         4
        14
        19
         8
         0
        18
        17
         9
        14
         7
        12
        15
         6
         7
        10
         1
         4
        10
         0
        19
         2
        11
         8
        18
         5
        14
        16
        16
         6
        14
        15
         2
         3
        15
        10
         8
        19
        12
         2
         7
         7
         2
        16
        11
        17
         0
        10
        10
         7
         0
        14
         0
        18
         3
        15
         6
         1
         6
        17
        18
         7
        17
         8
         4
         9
        10
         2
        14
        13
         3
         7
        13
         2
         2
         7
         2
        15
        12
        12
        14
         8
        19
        19
         0
        15
         5
        17
         5
         9
        12
        11
        16
        10
        11
        12
         9
        10
        13
        12
        16
        10
         9
        12
        11
         7
         8
         9
        10
        14
         7
        12
         3
         5
        14
         4
        13
        10
        17
         8
         5
         6
         7
        17
        16
        16
         6
         6
        17
         0
         0
         0
         9
        18
         5
        19
         2
        10
        16
         3
         5
        10
        14
         2
        17
        19
        14
         3
         0
         2
         9
         2
         5
        19
         1
         6
         3
        16
        18
         7
         0
        11
        16
         8
         6
        12
         4
        11
        19
        16
        16
         5
         2
         9
         9
        11
        12
         5
         6
         2
         9
         8
         9
         7
         1
        10
         8
         5
         2
         1
         7
         9
        16
        18
         6
        12
        10
        12
        10
         7
        13
        19
         1
        16
        15
         1
         7
         7
        11
         9
        13
        14
        12
         3
        18
         9
         1
        18
         7
         3
         0
        14
        12
